MU  alpha   Zold  Told  Zyng Tyng
---- ---- ------  ----  ---- ----
1.30 1.00 .0001  3.98108 9999 9999
9999 9999 .0004  4.46683 9999 9999
9999 9999 .0010  5.01187 9999 9999
9999 9999 .0040  5.62341 9999 9999
9999 9999 .0080  6.30958 9999 9999
9999 9999 .0190  7.07946 9999 9999
9999 9999 .0300  7.94328 9999 9999
9999 9999 9999   8.91251 9999 9999
9999 9999 9999  10.00000 9999 9999
9999 9999 9999  11.22019 9999 9999
9999 9999 9999  12.58926 9999 9999
9999 9999 9999  14.12536 9999 9999
9999 9999 9999  15.84893 9999 9999
9999 9999 9999  17.78279 9999 9999
9999 9999 9999  99999999 9999 9999
