MU  alpha   Zold  Told  Zyng Tyng
---- ---- ------  ----  ---- ----
0.30 1.00 .0080 .003981 9999 9999
0.80 9999 .0200 .005012 9999 9999
1.00 9999 99999 .006310 9999 9999
1.30 9999 99999 .007943 9999 9999
9999 9999 99999 0.01000 9999 9999
9999 9999 99999 0.01259 9999 9999
9999 9999 99999 0.01585 9999 9999
9999 9999 99999 0.01995 9999 9999
9999 9999 99999 0.02512 9999 9999
9999 9999 99999 0.03162 9999 9999
9999 9999 99999 0.03981 9999 9999
9999 9999 99999 0.05012 9999 9999
9999 9999 99999 0.06310 9999 9999
9999 9999 99999 0.07943 9999 9999
9999 9999 99999 0.10000 9999 9999
9999 9999 99999 0.12589 9999 9999
9999 9999 99999 0.15849 9999 9999
9999 9999 99999 0.19953 9999 9999
9999 9999 99999 0.25119 9999 9999
9999 9999 99999 0.31623 9999 9999
9999 9999 99999 0.39811 9999 9999
9999 9999 99999 0.50119 9999 9999
9999 9999 99999 0.63096 9999 9999
9999 9999 99999 0.79433 9999 9999
9999 9999 99999 1.00000 9999 9999
9999 9999 99999 9999999 9999 9999
