MU  alpha   Zold  Told  Zyng Tyng
---- ---- ------  ----  ---- ----
0.30 1.00 .0040  1.0000 9999 9999
0.80 9999 .0080  1.2500 9999 9999
1.00 9999 .0100  1.5000 9999 9999
1.30 9999 .0198  1.7500 9999 9999
1.50 9999 .0240  2.0000 9999 9999
1.80 9999 99999  2.2500 9999 9999
2.00 9999 99999  2.5000 9999 9999
2.30 9999 99999  2.7500 9999 9999
2.50 9999 99999  3.0000 9999 9999
2.80 9999 99999  3.2500 9999 9999
3.00 9999 99999  3.5000 9999 9999
3.30 9999 99999  3.7500 9999 9999
9999 9999 99999  4.0000 9999 9999
9999 9999 99999  4.5000 9999 9999
9999 9999 99999  5.0000 9999 9999
9999 9999 99999  5.5000 9999 9999
9999 9999 99999  6.0000 9999 9999
9999 9999 99999  6.5000 9999 9999
9999 9999 99999  7.0000 9999 9999
9999 9999 99999  7.5000 9999 9999
9999 9999 99999  8.0000 9999 9999
9999 9999 99999  8.5000 9999 9999
9999 9999 99999  9.0000 9999 9999
9999 9999 99999  9.5000 9999 9999
9999 9999 99999 10.0000 9999 9999
9999 9999 99999 10.5000 9999 9999
9999 9999 99999 11.0000 9999 9999
9999 9999 99999 11.5000 9999 9999
9999 9999 99999 12.0000 9999 9999
9999 9999 99999 12.5000 9999 9999
9999 9999 99999 13.0000 9999 9999
9999 9999 99999 13.5000 9999 9999
9999 9999 99999 14.0000 9999 9999
9999 9999 99999 9999999 9999 9999
