MU  alpha  Zold  Told Zyng Tyng
---- ---- -----  ---- ---- ----
1.30 1.00 .0001  0.03 9999 9999
9999 9999 .0003  0.04 9999 9999
9999 9999 .0006  0.05 9999 9999
9999 9999 .0010  0.06 9999 9999
9999 9999 .0020  0.07 9999 9999
9999 9999 .0040  0.08 9999 9999
9999 9999 .0080  0.09 9999 9999 
9999 9999 .0100  0.10 9999 9999
9999 9999 99999  0.15 9999 9999
9999 9999 99999  0.20 9999 9999
9999 9999 99999  0.25 9999 9999
9999 9999 99999  0.30 9999 9999
9999 9999 99999  0.35 9999 9999
9999 9999 99999  0.40 9999 9999
9999 9999 99999  0.45 9999 9999
9999 9999 99999  0.50 9999 9999
9999 9999 99999  0.60 9999 9999
9999 9999 99999  0.70 9999 9999
9999 9999 99999  0.80 9999 9999
9999 9999 99999  0.90 9999 9999
9999 9999 99999  1.00 9999 9999
9999 9999 99999  1.25 9999 9999
9999 9999 99999  1.50 9999 9999
9999 9999 99999  1.75 9999 9999
9999 9999 99999  2.00 9999 9999
9999 9999 99999  2.25 9999 9999
9999 9999 99999  2.50 9999 9999
9999 9999 99999  2.75 9999 9999
9999 9999 99999  3.00 9999 9999
9999 9999 99999  3.25 9999 9999
9999 9999 99999  3.50 9999 9999
9999 9999 99999  3.75 9999 9999
9999 9999 99999  4.00 9999 9999
9999 9999 99999  4.50 9999 9999
9999 9999 99999  5.00 9999 9999
9999 9999 99999  5.50 9999 9999
9999 9999 99999  6.00 9999 9999
9999 9999 99999  6.50 9999 9999
9999 9999 99999  7.00 9999 9999
9999 9999 99999  7.50 9999 9999
9999 9999 99999  8.00 9999 9999
9999 9999 99999  8.50 9999 9999
9999 9999 99999  9.00 9999 9999
9999 9999 99999  9.50 9999 9999
9999 9999 99999 10.00 9999 9999
9999 9999 99999 10.50 9999 9999
9999 9999 99999 11.00 9999 9999
9999 9999 99999 11.50 9999 9999
9999 9999 99999 12.00 9999 9999
9999 9999 99999 12.50 9999 9999
9999 9999 99999 13.00 9999 9999
9999 9999 99999 13.50 9999 9999
9999 9999 99999 14.00 9999 9999
9999 9999 99999 99999 9999 9999
9999 9999 99999 99999 9999 9999
