MU  alpha   Zold  Told  Zyng Tyng
---- ---- ------  ----  ---- ----
1.30 1.00 .0004 .006310 9999 9999
0.50 9999 .0010 .007943 9999 9999
0.80 9999 .0040 0.01000 9999 9999
1.00 9999 .0080 0.01259 9999 9999
1.30 9999 .0200 0.01585 9999 9999
1.50 9999 .0500 0.01995 9999 9999
1.80 9999 99999 0.02512 9999 9999
2.00 9999 99999 0.03162 9999 9999
2.30 9999 99999 0.03981 9999 9999
2.50 9999 99999 0.05012 9999 9999
2.80 9999 99999 0.06310 9999 9999
3.00 9999 99999 9999999 9999 9999
3.30 9999 99999 9999999 9999 9999
3.50 9999 99999 9999999 9999 9999
9999 9999 99999 9999999 9999 9999
9999 9999 99999 9999999 9999 9999
