MU  alpha   Zold  Told  Zyng Tyng
---- ---- ------  ----  ---- ----
0.80 1.00 .0001 0.06310 9999 9999
1.00 9999 .0004 0.07079 9999 9999
1.30 9999 .0010 0.07943 9999 9999
1.50 9999 .0040 0.08913 9999 9999
1.80 9999 .0080 0.10000 9999 9999
2.00 9999 .0190 0.11220 9999 9999
2.30 9999 .0300 0.12589 9999 9999
2.80 9999 9999  0.14125 9999 9999
3.30 9999 9999  0.15849 9999 9999
9999 9999 9999  0.17783 9999 9999
9999 9999 9999  0.19953 9999 9999
9999 9999 9999  0.22387 9999 9999
9999 9999 9999  0.25119 9999 9999
9999 9999 9999  0.28184 9999 9999
9999 9999 9999  0.31623 9999 9999
9999 9999 9999  0.35481 9999 9999
9999 9999 9999  0.39811 9999 9999
9999 9999 9999  0.44668 9999 9999
9999 9999 9999  0.50119 9999 9999
9999 9999 9999  0.56234 9999 9999
9999 9999 9999  0.63096 9999 9999
9999 9999 9999  0.70795 9999 9999
9999 9999 9999  0.79433 9999 9999
9999 9999 9999  0.89125 9999 9999
9999 9999 9999  1.00000 9999 9999
9999 9999 9999  1.12202 9999 9999
9999 9999 9999  1.25893 9999 9999
9999 9999 9999  1.41254 9999 9999
9999 9999 9999  1.58489 9999 9999
9999 9999 9999  1.77828 9999 9999
9999 9999 9999  1.99526 9999 9999
9999 9999 9999  2.23872 9999 9999
9999 9999 9999  2.51188 9999 9999
9999 9999 9999  2.81838 9999 9999
9999 9999 9999  3.16228 9999 9999
9999 9999 9999  3.54814 9999 9999
9999 9999 9999  3.98108 9999 9999
9999 9999 9999  4.46683 9999 9999
9999 9999 9999  5.01187 9999 9999
9999 9999 9999  5.62341 9999 9999
9999 9999 9999  6.30958 9999 9999
9999 9999 9999  7.07946 9999 9999
9999 9999 9999  7.94328 9999 9999
9999 9999 9999  8.91251 9999 9999
9999 9999 9999 10.00000 9999 9999
9999 9999 9999 11.22019 9999 9999
9999 9999 9999 12.58926 9999 9999
9999 9999 9999 14.12536 9999 9999
9999 9999 9999 15.84893 9999 9999
9999 9999 9999 17.78279 9999 9999
9999 9999 9999 99999999 9999 9999
