MU  alpha   Zold  Told  Zyng Tyng
---- ---- ------  ----  ---- ----
0.30 1.00 .0040  5.01187 9999 9999
0.80 9999 .0080  5.62341 9999 9999
1.00 9999 .0190  6.30958 9999 9999
1.30 9999 .0300  7.07946 9999 9999
1.50 9999 99999  7.94328 9999 9999
1.80 9999 99999  8.91251 9999 9999
2.00 9999 99999 10.00000 9999 9999
2.30 9999 99999 11.22019 9999 9999
2.50 9999 99999 12.58926 9999 9999
2.80 9999 99999 14.12536 9999 9999
3.00 9999 99999 15.84893 9999 9999
3.30 9999 99999 17.78279 9999 9999
9999 9999 99999 99999999 9999 9999
9999 9999 99999 99999999 9999 9999
