MU  alpha  Zold  Told Zyng Tyng
---- ---- -----  ---- ---- ----
1.30 1.00 .0001   4.00 9999 9999
9999 9999 .0003   4.50 9999 9999
9999 9999 .0006   5.00 9999 9999
9999 9999 .0010   5.50 9999 9999
9999 9999 .0020   6.00 9999 9999
9999 9999 .0040   6.50 9999 9999
9999 9999 .0080   7.00 9999 9999 
9999 9999 .0100   7.50 9999 9999
9999 9999 .0198   8.00 9999 9999
9999 9999 .0240   8.50 9999 9999
9999 9999 .0300   9.00 9999 9999
9999 9999 99999   9.50 9999 9999
9999 9999 99999  10.00 9999 9999
9999 9999 99999  10.50 9999 9999
9999 9999 99999  11.00 9999 9999
9999 9999 99999  11.50 9999 9999
9999 9999 99999  12.00 9999 9999
9999 9999 99999  12.50 9999 9999
9999 9999 99999  13.00 9999 9999
9999 9999 99999  13.50 9999 9999
9999 9999 99999  14.00 9999 9999
9999 9999 99999 99999 9999 9999
9999 9999 99999 99999 9999 9999
