MU  alpha   Zold  Told  Zyng Tyng
---- ---- ------  ----  ---- ----
-4.0 1.00 .0190 0.06310 9999 9999
-2.0 9999 99999 0.07943 9999 9999
0.00 9999 99999 0.10000 9999 9999
2.00 9999 99999 0.12589 9999 9999
4.00 9999 99999 0.15849 9999 9999
9999 9999 99999 0.19953 9999 9999
9999 9999 99999 0.25119 9999 9999
9999 9999 99999 0.31623 9999 9999
9999 9999 99999 0.39811 9999 9999
9999 9999 99999 0.50119 9999 9999
9999 9999 99999 0.63096 9999 9999
9999 9999 99999 0.79433 9999 9999
9999 9999 99999 1.00000 9999 9999
9999 9999 99999 10.0000 9999 9999
9999 9999 99999 9999999 9999 9999
