MU  alpha   Zold  Told  Zyng Tyng
---- ---- ------  ----  ---- ----
0.30 1.00 .0040  1.00000 9999 9999
0.80 9999 .0080  1.12202 9999 9999
1.00 9999 .0190  1.25893 9999 9999
1.30 9999 .0300  1.41254 9999 9999
1.50 9999 9999   1.58489 9999 9999
1.80 9999 9999   1.77828 9999 9999
2.00 9999 9999   1.99526 9999 9999
2.30 9999 9999   2.23872 9999 9999
2.50 9999 9999   2.51188 9999 9999
2.80 9999 9999   2.81838 9999 9999
3.00 9999 9999   3.16228 9999 9999
3.30 9999 9999   3.54814 9999 9999
9999 9999 9999   3.98108 9999 9999
9999 9999 9999   4.46683 9999 9999
9999 9999 9999   5.01187 9999 9999
9999 9999 9999   5.62341 9999 9999
9999 9999 9999   6.30958 9999 9999
9999 9999 9999   7.07946 9999 9999
9999 9999 9999   7.94328 9999 9999
9999 9999 9999   8.91251 9999 9999
9999 9999 9999  10.00000 9999 9999
9999 9999 9999  11.22019 9999 9999
9999 9999 9999  12.58926 9999 9999
9999 9999 9999  14.12536 9999 9999
9999 9999 9999  15.84893 9999 9999
9999 9999 9999  17.78279 9999 9999
9999 9999 9999  99999999 9999 9999
