# Galaxy-wide IMF output file.
# The columns are:
# mass xi
# where xi=dN/dm (see Yan et.al 2017 A&A...607A.126Y)

0.08 119798627.79245321
0.0808 118258960.61279196
0.081608 116739081.4312725
0.08242408 115238735.93002917
0.0832483208 113757673.05972244
0.084080804008 112295644.99753013
0.08492161204808 110852407.10568105
0.08577082816856081 109427717.89051972
0.08662853645024642 108021338.96209717
0.08749482181474888 106633034.99428286
0.08836977003289637 105262573.68538734
0.08925346773322533 103909725.71929139
0.09014600241055759 102574264.72707751
0.09104746243466316 101255967.2491485
0.0919579370590098 99954612.69783881
0.0928775164295999 98669983.32050392
0.0938062915938959 97401864.16308352
0.09474435450983486 96150043.03413436
0.0956917980549332 94914310.46932456
0.09664871603548254 93694459.69638442
0.09761520319583737 92490286.60050766
0.09859135522779575 91301589.69019765
0.09957726878007371 90128170.06355214
0.10057304146787445 88969831.37498075
0.1015787718825532 87826379.80235201
0.10259455960137873 86697624.0145614
0.10362050519739252 85583375.13951506
0.10465671024936644 84483446.73252827
0.10570327735186011 83397654.74512687
0.1067603101253787 82325817.49425094
0.10782791322663249 81267755.6318542
0.10890619235889881 80223292.11489426
0.1099952542824878 79192252.17570817
0.11109520682531268 78174463.29277042
0.1122061588935658 77169755.1618223
0.11332822048250146 76177959.66737807
0.11446150268732648 75198910.85459375
0.11560611771419975 74232444.90149724
0.11676217889134174 73278400.09157793
0.11792980068025516 72336616.78672612
0.11910909868705771 71406937.4005215
0.12030018967392829 70489206.37186414
0.12150319157066758 69583270.13894556
0.12271822348637426 68688977.11355273
0.12394540572123801 67806177.65570359
0.1251848597784504 66934724.04860877
0.1264367083762349 66074470.47395298
0.12770107545999726 65225272.987496935
0.12897808621459722 64386989.49499083
0.1302678670767432 63559479.728398524
0.13157054574751065 62742605.22242587
0.13288625120498576 61936229.29135299
0.13421511371703562 61140217.006161526
0.13555726485420597 60354435.17195866
0.13691283750274802 59578752.305688664
0.1382819658777755 58813038.614133365
0.13966478553655326 58057165.972192906
0.1410614333919188 57311007.90144772
0.142472047725838 56574439.54899532
0.14389676820309638 55847337.666557856
0.14533573588512735 55129580.58986056
0.14678909324397862 54421048.21827347
0.14825698417641842 53721621.99471424
0.1497395540181826 53031184.885812566
0.15123694955836442 52349621.36232467
0.15274931905394806 51676817.3798042
0.15427681224448755 51012660.3595179
0.15581958036693244 50357039.169608824
0.15737777617060178 49709844.10650115
0.1589515539323078 49070966.87654282
0.16054106947163088 48440300.57788589
0.1621464801663472 47817739.682598166
0.16376794496801067 47203180.019006595
0.16540562441769077 46596518.75426476
0.1670596806618677 45997654.37714782
0.16873027746848637 45406486.68106539
0.17041758024317125 44822916.747295514
0.17212175604560295 44246846.92843204
0.173842973606059 43678180.83204555
0.17558140334211958 43116823.30455438
0.17733721737554078 42562680.41530299
0.1791105895492962 42015659.440844186
0.18090169544478918 41475668.84942468
0.18271071239923709 40942618.28566874
0.18453781952322945 40416418.55545945
0.18638319771846174 39896981.61101379
0.18824702969564636 39384220.536150455
0.1901294999926028 38878049.53174532
0.19203079499252884 38378383.90137633
0.19395110294245413 37885140.03714981
0.19589061397187868 37398235.40571179
0.19784952011159748 36917588.534437224
0.19982801531271346 36443118.99779799
0.2018262954658406 35974747.403904594
0.203844558420499 35512395.38122236
0.205883004004704 35055985.56545768
0.20794183404475103 34605441.58661257
0.21002125238519853 34160688.05620567
0.2121214649090505 33721650.554658435
0.21424267955814102 33288255.618842017
0.21638510635372243 32860430.72978488
0.21854895741725966 32438104.300538704
0.22073444699143227 32021205.66419973
0.2229417914613466 31609665.06208393
0.22517120937596008 31203413.63205513
0.22742292146971968 30802383.397001855
0.22969715068441687 30406507.253463157
0.23199412219126103 30015718.96040028
0.23431406341317365 29629953.12811273
0.2366572040473054 29249145.20729675
0.23902377608777844 28873231.47824441
0.24141401384865624 28502149.04018149
0.2438281539871428 28135835.800742686
0.24626643552701424 27774230.465581514
0.2487290998822844 27417272.52811427
0.25121639088110725 27064902.25939555
0.25372855478991835 26717060.698123883
0.2562658403378175 26373689.640776098
0.2588284987411957 26034731.631867774
0.26141678372860766 25700129.954340063
0.26403095156589373 25369828.62006873
0.2666712610815527 25043772.36049604
0.2693379736923682 24721906.617382884
0.2720313534292919 24404177.53367934
0.27475166696358483 24090531.944513474
0.2774991836332207 23780917.368294727
0.2802741754695529 23475281.99793287
0.28307691722424844 23173574.692168653
0.28590768639649095 22875744.967017077
0.28876676326045586 22581742.987319686
0.2916544308930604 22291519.558405668
0.29457097520199105 22005026.117860496
0.29751668495401096 21722214.727399845
0.3004918518035511 21443038.064848475
0.3034967703215866 21167449.416221697
0.3065317380248025 20895402.667908728
0.3095970554050505 20626852.298956912
0.31269302595910103 20361753.373454686
0.315819956218692 20100061.533012416
0.31897815578087896 19841732.989340253
0.32216793733868776 19586724.51692088
0.3253896167120746 19334993.44577695
0.32864351287919535 19086497.654331025
0.3319299480079873 18841195.562357448
0.33524924748806717 18599046.12402501
0.33860173996294785 18360008.82102872
0.3419877573625773 18124043.655809984
0.3454076349362031 17891111.144863795
0.3488617112855651 17661172.31213247
0.35235032839842073 17434188.68248322
0.35587383168240494 17210122.27527077
0.359432569999229 16988935.59798178
0.3630268956992213 16770591.639961628
0.3666571646562135 16555053.866221158
0.37032373630277565 16342286.211323634
0.3740269736658034 16132253.073349832
0.37776724340246143 15924919.307940992
0.38154491583648603 15720250.222417984
0.3853603649948509 15518211.569976592
0.3892139686447994 15318769.543956673
0.3931061083312474 15121890.772185715
0.39703716941455985 14927542.311394598
0.40100754110870546 14735691.641705137
0.4050176165197925 14546306.66118895
0.40906779268499044 14359355.680495592
0.41315847061184036 14174807.417550188
0.41729005531795876 13992630.992319098
0.42146295587113836 13812795.9216428
0.42567758542984974 13635272.114135126
0.42993436128414825 13460029.865148295
0.43423370489698976 13287039.851802483
0.43857604194595967 13116273.128079146
0.44296180236541927 12947701.11997768
0.4473914203890735 12781295.620734151
0.45186533459296424 12617028.786101565
0.4563839879388939 12454873.12969078
0.46094782781828286 12294801.518371074
0.4655573060964657 12136787.167730244
0.4702128791574303 11980803.637592819
0.47491500794900465 11826824.827595748
0.4796641580284947 11674824.972821113
0.4844607996087797 11524778.639485138
0.4893054076048675 11376660.720682114
0.4941984616809162 11230446.432183577
0.49914044629772536 11086111.308291083
0.5041318507607027 10853937.49792757
0.5091731692683097 10608357.737304358
0.5142649009609928 10368334.432008035
0.5194075499706027 10133741.862411993
0.5246016254703088 9904457.153405353
0.5298476417250119 9680360.210033424
0.535146118142262 9461333.654593952
0.5404975793236846 9247262.765157286
0.5459025551169214 9038035.415476957
0.5513615806680906 8833542.016260268
0.5568751964747715 8633675.457767356
0.5624439484395192 8438331.053709213
0.5680683879239143 8247406.486415115
0.5737490718031535 8060801.753240375
0.579486562521185 7878419.114187064
0.5852814281463968 7700163.040709515
0.5911342424278608 7525940.165678409
0.5970455848521394 7355659.234476741
0.6030160407006608 7189231.057202498
0.6090462011076675 7026568.4619526295
0.6151366631187442 6867586.249164132
0.6212880297499316 6712201.146988002
0.6275009100474309 6560331.767673179
0.6337759191479052 6411898.564937175
0.6401136783393843 6266823.79230113
0.6465148151227781 6125031.462367881
0.6529799632740059 5986447.3070210405
0.6595097629067459 5850998.738524835
0.6661048605358134 5718614.8115040725
0.6727659091411715 5589226.185784284
0.6794935682325832 5462765.090072629
0.686288503914909 5339165.28646061
0.6931513889540581 5218362.035729988
0.7000829028435988 5100292.063443492
0.7070837318720348 4984893.526802953
0.7141545691907552 4872105.98225718
0.7212961148826627 4761870.353842888
0.7285090760314893 4654128.902241698
0.7357941667918042 4548825.194537437
0.7431521084597222 4445904.074657703
0.7505836295443195 4345311.63448413
0.7580894658397627 4246995.1856162865
0.7656703604981603 4150903.2317745793
0.7733270641031419 4056985.4418274965
0.7810603347441734 3965192.6234290097
0.7888709380916151 3875476.6972526815
0.7967596474725313 3787790.671808566
0.8047272439472566 3702088.6188299954
0.8127745163867292 3618325.649217201
0.8209022615505964 3536457.8895252678
0.8291112841661024 3456442.458984112
0.8374023970077634 3378237.4470382277
0.8457764209778411 3301801.8913949095
0.8542341851876195 3227095.756568837
0.8627765270394957 3154079.9129123236
0.8714042923098907 3082716.1161199296
0.8801183352329897 3012966.987196852
0.8889195185853196 2944795.9928804925
0.8978087137711728 2878167.4265050297
0.9067868009088845 2813046.3892989852
0.9158546689179734 2749398.772105885
0.9250132156071531 2687191.2375185266
0.9342633477632246 2626391.202417473
0.9436059812408568 2566966.8209047117
0.9530420410532654 2508886.9676232818
0.962572461463798 2452121.2214544616
0.972198186078436 2396639.8495837697
0.9819201679392203 2342413.791927436
0.9917393696186125 2289414.6459113644
1.0016567633147986 2237857.5947436183
1.0116733309479466 2188654.132520632
1.021790064257426 2140536.2118731905
1.0320079649000002 2093479.811638599
1.0423280445490002 2047461.4435835097
1.0527513249944902 2002458.1405537068
1.0632788382444351 1958447.4448879512
1.0739116266268796 1915407.397089922
1.0846507428931484 1873316.5247525477
1.09549725032208 1832153.8317290512
1.1064522228253006 1791898.7875452242
1.1175167450535537 1752531.3170475543
1.1286919125040893 1714031.7902819233
1.1399788316291302 1676381.0125977474
1.1513786199454215 1639560.2149725265
1.1628924061448758 1603551.0445518654
1.1745213302063244 1568335.5554002102
1.1862665435083877 1533896.1994575122
1.1981292089434716 1500215.8176973443
1.2101105010329063 1467277.631481842
1.2222116060432353 1435065.2341092017
1.2344337221036676 1403562.5825493506
1.2467780593247044 1372753.9893636338
1.2592458399179516 1342624.114804413
1.271838298317131 1313157.95909056
1.2845566813003024 1284340.8548548957
1.2974022481133054 1256158.4597597832
1.3103762705944384 1228596.7492771
1.3234800333003829 1201642.0096289194
1.3367148336333867 1175280.8308853381
1.3500819819697205 1149500.100215933
1.3635828017894178 1124286.9952913988
1.377218629807312 1099628.9778320694
1.390990816105385 1075513.787300009
1.4049007242664389 1051929.4347314613
1.4189497315091033 1028864.1967065883
1.4331392288241944 1006306.6094533633
1.4474706211124364 982757.0095873467
1.4619453273235608 958315.1380422673
1.4765647805967963 934490.979568449
1.4913304284027642 912640.0655438527
1.506243732686792 889967.2118119755
1.5213061700136599 867866.6540602968
1.5365192317137966 847590.314228726
1.5518844240309346 826556.6649998395
1.567403268271244 806053.2870174308
1.5830773009539565 787236.6059068451
1.598908073963496 767722.0204909444
1.614897154703131 748698.8158560002
1.6310461262501623 731235.3817380661
1.647356587512664 713128.658507968
1.6638301533877906 695477.3219530302
1.6804684549216686 679268.587614593
1.6972731394708853 662466.7873635418
1.714245870865594 647035.4025505132
1.73138832957425 631041.7487436396
1.7487022128699925 615449.5701739436
1.7661892349986925 601125.1475043461
1.7838511273486795 586282.1926260004
1.8016896386221664 571811.3960930535
1.819706535008388 558513.5467159182
1.837903600358472 544737.4084815788
1.8562826363620566 531306.2840277535
1.8748454627256772 518960.5341359749
1.893593917352934 506173.5324828107
1.9125298565264632 494417.89858057786
1.9316551550917278 482243.7578688551
1.950971706642645 470373.9489978996
1.9704814237090715 459458.70688309555
1.9901862379461623 448157.252633049
2.010088100325624 437762.98119629803
2.0301889813288803 427002.3429096681
2.050490871142169 416510.2134577211
2.0709957798535905 406857.88554323884
2.0917057376521266 396867.3655585134
2.112622795028648 387675.0576951411
2.133749022978934 378161.88225928426
2.1550865132087234 368885.66292342416
2.1766373783408106 360348.5158257958
2.198403752124219 351515.0946367751
2.220387789645461 343384.22840862867
2.242591667541916 334972.21982934355
2.2650175842173352 326769.3687542331
2.2876677600595086 319217.14649574284
2.310544437660104 311405.26041648583
2.333649882036705 304211.9276502931
2.356986380857072 296772.1542812551
2.3805562446656428 289517.0411370911
2.4043618071122994 282834.87223965564
2.4284054251834224 275925.0303134742
2.4526894794352567 269559.94855641585
2.4772163742296094 262978.75489528343
2.5019885379719056 256915.54547399256
2.527008423351625 250647.18685137
2.552278507585141 244534.0404709238
2.5778012926609923 238900.8060604205
2.603579305587602 233077.97944843757
2.629615098643478 227711.52615307216
2.655911249629913 222165.07170921157
2.682470362126212 217052.62404731408
2.709295065747474 211769.2720230989
2.7363880164049488 206616.43252298125
2.7637518965689982 201865.79815101594
2.791389415534688 196957.16664273516
2.819303309690035 192431.06887642338
2.8474963427869353 187754.93763713082
2.875971306214805 183442.64513360796
2.904731019276953 178987.87416551998
2.9337783294697224 174879.1740346346
2.9631161127644194 170635.16321301408
2.9927472738920637 166495.67642085333
3.0226747466309845 162676.99828785402
3.0529014940972945 158733.1777316412
3.0834305090382674 155094.53019775075
3.11426481412865 151337.0200412404
3.1454074622699366 147869.82025245458
3.176861536892636 144289.71708132353
3.2086301522615623 140985.79577912576
3.240716453784178 137574.62647019816
3.27312361832202 134426.2078478361
3.30585485450524 131175.9085327652
3.3389134030502925 128005.370222749
3.3723025370807953 125078.48714908389
3.406025562451603 122057.33572732098
3.440085818076119 119268.0125364644
3.4744866762568805 116389.12758733502
3.509231543019449 113730.82586475118
3.5443238584496437 110987.43017481979
3.57976709703414 108453.92562609573
3.615564768004482 105839.56844803138
3.6517204156845264 103424.93564364788
3.6882376198413716 100933.47679399137
3.725119996039785 98632.07466963287
3.762371196000183 96257.6694092849
3.799994907960185 94064.12747392376
3.837994857039787 91801.2121318805
3.8763748056101845 89710.41735120045
3.9151385536662864 87553.69565799006
3.9542899392029494 85449.60709854825
3.993832838594979 83505.2100726873
4.033771166980929 81499.77242922707
4.074108878650739 79646.32063268474
4.114849967437246 77734.85426915875
4.155998467111619 75968.0447388734
4.197558451782736 74146.09447622954
4.239534036300563 72461.83003152967
4.281929376663569 70725.15426607439
4.324748670430204 69119.53356188838
4.367996157134506 67464.09391228651
4.411676118705851 65933.40198400736
4.45579287989291 64355.3534491124
4.50035080869184 62896.05271305431
4.5453543167787585 61391.7343090918
4.590807859946546 60000.45600758283
4.636715938546011 58566.38186534098
4.683083097931472 57239.91792373069
4.729913928910786 55872.768820674464
4.777213068199894 54608.06410453003
4.824985198881893 53304.67941288218
4.873235050870712 52098.82436112912
4.921967401379419 50856.194385498
4.971187075393213 49706.41800236264
5.020898946147145 48521.67669473656
5.071107935608617 47425.339881523105
5.121819014964703 46295.75791226299
5.173037205114349 45250.347125057924
5.224767577165493 44173.32528865466
5.277015252937148 43176.446502358274
5.329785405466519 42149.50944724181
5.383083259521184 41198.8824145406
5.436914092116396 40219.67267799702
5.49128323303756 39313.12546530487
5.546196065367936 38379.397797528814
5.6016580260216156 37514.86158717254
5.657674606281832 36624.47755304393
5.71425135234465 35799.98169647955
5.771393865868097 34950.904539595685
5.829107804526778 34164.57185130838
5.887398882572046 33354.86160638059
5.946272871397766 32604.90388519901
6.005735600111744 31832.712729974293
6.065792956112861 31117.426496946853
6.126450885673989 30380.994327389908
6.18771539453073 29698.75677034501
6.249592548476037 28996.40699273676
6.312088473960797 28345.672106669954
6.375209358700405 27675.80763180391
6.438961452287409 27055.102545520185
6.503351066810283 26416.20197895897
6.568384577478386 25824.12345989277
6.6340684232531695 25214.73747501996
6.700409107485701 24649.94860208976
6.767413198560558 24068.696489962927
6.8350873305461635 23529.923487412278
6.903438203851625 22975.489872849575
6.9724725858901415 22461.519096413453
7.042197311749043 21959.19058942295
7.1126192848665335 21442.325882172387
7.183745477715199 20963.101131992826
7.255582932492351 20470.04806583619
7.328138761817275 20012.85075419516
7.401420149435448 19542.498207973404
7.4754343509298025 19106.30273612983
7.5501886944391 18657.592041392265
7.625690581383491 18241.42111478798
7.701947487197327 17813.343552901224
7.7789669620693 17416.265882242384
7.8567566316899935 17007.860301842375
7.935324198006893 16628.988414496933
8.014677439986961 16239.33896443796
8.094824214386831 15877.827120958582
8.1757724565307 15506.061091724718
8.257530181096007 15161.103302529977
8.340105482906967 14806.389072012325
8.423506537736037 14477.21720917329
8.507741603113397 14138.762287343257
8.59281901914453 13824.644287035648
8.678747209335976 13501.693454171751
8.765534681429335 13201.931605384108
8.853190028243628 12893.765140279813
8.941721928526064 12607.69445527846
9.031139147811325 12328.055666414308
9.12145053928944 12040.613111485434
9.212665044682334 11773.734309848727
9.304791695129158 11499.429749522173
9.39783961208045 11244.720728378552
9.491818008201255 10982.945510556025
9.586736188283268 10739.843693903811
9.682603550166101 10490.017706872713
9.779429585667762 10257.986841705635
9.87722388152444 10019.55716102425
9.975996120339685 9798.086072251937
10.075756081543082 9570.525672482438
10.176513642358513 9359.127077355148
10.278278778782099 9141.933605466586
10.381061566569919 8940.1429844744
10.484872182235618 8732.837591791154
10.589720904057975 8540.212113575468
10.695618113098554 8342.338343917525
10.80257429422954 8158.455841479974
10.910600037171836 7978.683190640528
11.019706037543555 7794.036567778035
11.12990309791899 7622.415476018622
11.24120212889818 7446.155778083186
11.353614150187163 7282.311324385193
11.467150291689034 7114.052199520981
11.581821794605924 6957.626925309879
11.697640012551982 6797.000044323768
11.814616412677502 6647.653130928285
11.932762576804278 6494.307336961474
12.05209020257232 6351.713822274674
12.172611104598042 6205.314321030916
12.294337215644022 6069.164353383225
12.417280587800462 5929.391942009696
12.541453393678466 5799.390069558162
12.666867927615252 5665.940402138484
12.793536606891404 5541.804895978633
12.921471972960319 5414.387784104565
13.050686692689922 5295.849993543822
13.18119355961682 5174.1887400705655
13.31300549521299 5060.992478516842
13.446135550165119 4950.30887939938
13.58059690566677 4836.724203034364
13.716402874723437 4731.023063111755
13.853566903470671 4622.560593541296
13.99210257250538 4521.614238830482
14.132023598230433 4418.0395442729305
14.273343834212737 4321.630843119665
14.416077272554864 4222.720363277156
14.560238045280412 4130.642232422192
14.705840425733216 4036.182768391309
14.852898829990549 3948.2377024740226
15.001427818290454 3858.025930805778
15.151442096473358 3774.025554076347
15.302956517438092 3687.8675639156827
15.455986082612473 3607.632203202809
15.610545943438597 3525.34305530882
15.766651402872983 3448.701333137371
15.924317916901712 3370.104639817046
16.083561096070728 3296.893086776174
16.244396707031434 3221.8206117022096
16.406840674101748 3151.883297115062
16.570909080842764 3080.1745740434844
16.73661817165119 3013.3627540622883
16.903984353367704 2944.864723623381
17.073024196901383 2881.03650594419
17.243754438870397 2815.6031695633474
17.4161919832591 2754.6231939411487
17.590353903091692 2692.115284128325
17.76625744212261 2633.8544179510723
17.943920016543835 2574.1390841375032
18.123359216709275 2518.474132365101
18.304592808876368 2461.4246415872835
18.48763873696513 2408.2380703166896
18.672515124334783 2353.733521986227
18.85924027557813 2302.9131950524866
19.04783267833391 2250.8382492176192
19.23831100511725 2202.277177182707
19.43069411516842 2152.5217955492094
19.625001056320105 2106.117896476486
19.821251066883306 2058.577095642401
20.019463577552138 2014.2329671460343
20.21965821332766 1968.8065834617753
20.421854795460934 1926.4292854302078
20.626073343415545 1883.0217509044503
20.8323340768497 1842.522598450675
21.0406574176182 1801.0427271992735
21.251063991794382 1762.3370933168133
21.463574631712326 1722.6978780512673
21.67821037802945 1685.705005524876
21.894992481809744 1647.8234235930822
22.113942406627842 1612.466245735844
22.335081830694122 1576.2630742784756
22.558432649001062 1542.468044058843
22.784016975491074 1507.867683834087
23.011857145245983 1475.5646110124744
23.241975716698445 1442.4949184822183
23.474395473865428 1411.6168143690134
23.709139428604082 1380.008941657645
23.946230822890122 1350.4918711370087
24.185693131119024 1320.2801134930908
24.427550062430214 1292.0630539590707
24.671825563054515 1263.1847043527266
24.91854381868506 1236.2094112494485
25.167729256871908 1208.6046217809214
25.419406549440627 1182.8155004120272
25.673600614935033 1156.4271502019876
25.930336621084383 1130.6401912723168
26.189639987295227 1106.5447027895339
26.45153638716818 1081.8926952429292
26.71605175103986 1058.8545849228506
26.983212268550258 1035.2867177935511
27.25304439123576 1013.2587686838383
27.52557483514812 990.7265409459405
27.8008305834996 969.6636778698643
28.078838889334595 948.1207919813461
28.35962727822794 927.9799830344477
28.64322355101022 907.3822434540768
28.92965578652032 887.2517097776714
29.218952344385524 868.4276225066507
29.51114186782938 849.1791778803417
29.806253286507673 831.1774290750626
30.10431581937275 812.7717427762283
30.40535897756648 795.5557625492851
30.709412567342145 777.9552853599903
31.016506693015568 760.7528066229825
31.326671759945725 744.6590388713821
31.639938477545183 728.2081900835893
31.956337862320634 712.8154351096747
32.27590124094384 697.0827907405875
32.59866025335328 682.3599577926677
32.92464685588681 667.3136027319849
33.253893324445684 652.6064373000299
33.58643225769014 638.8404630461899
33.922296580267044 624.7740430234536
34.261519546069714 611.6059213881433
34.60413474153041 598.1518283987132
34.95017608894571 585.0003516939659
35.29967784983517 572.6862128042224
35.65267462833352 560.1065065308741
36.00920137461686 547.8093634019625
36.369293388363026 536.2927813905721
36.73298632224666 524.5295832758248
37.100316185469126 513.5114477793479
37.47131934732382 502.25858700637883
37.84603254079706 491.25791398677535
38.22449286620503 480.95185173673536
38.60673779486709 470.42782132254376
38.99280517281576 460.13931972266914
39.38273322454391 450.49843235115867
39.77656055678935 440.65514121392715
40.17432616235724 431.0318390564718
40.57606942398081 422.01237065414716
40.98183011822062 412.8049551688855
41.39164841940283 403.80303161682434
41.80556490359685 395.3641549159731
42.22362055263282 386.75075901147704
42.645856758159155 378.3293297384947
43.072315325740746 370.43294704105597
43.50303847899816 362.37451748236725
43.93806886378814 354.4954348613271
44.37744955242602 347.1059926867344
44.82122404795028 339.56608848188387
45.26943628842979 332.19375555355435
45.72213065131409 324.9851891976041
46.17935195782723 318.2226869883363
46.6411454774055 311.32388425047935
47.107556932179556 304.5781132855613
47.57863250150135 297.98190565077715
48.05441882651637 291.7921100121028
48.53496301478153 285.47884718170025
49.02031264492935 279.3053603016358
49.51051577137864 273.2684870060955
50.00562092909243 267.60194029076666
50.505677138383355 261.82355623983045
51.01073390976719 256.1728608768034
51.52084124886486 250.64697047660857
52.03604966135351 245.2430677519598
52.55641015796704 240.16885843681632
53.08197425954671 234.99581873458203
53.61279400214218 229.9368143385249
54.148921942163604 224.9892757142438
54.69041116158524 220.15069240414314
55.23731527320109 215.41861164361174
55.7896884259331 210.97334015197046
56.34758531019243 206.44286683708728
56.911061163294356 202.0119712131929
57.4801717749273 197.6784157024675
58.054973492676574 193.44001404153965
58.63552322760334 189.2946300829677
59.22187845987938 185.24017662534496
59.81409724447817 181.27461427069662
60.41223821692295 177.39595030948857
61.01636059909218 173.6022376316669
61.6265242050831 169.89157366384816
62.24278944713393 166.26209933127535
62.86521734160527 162.71199804512162
63.49386951502132 159.37401735089122
64.12880821017154 155.97424873718265
64.77009629227325 152.52038324822317
65.41779725519598 149.27042383490647
66.07197522774794 146.0913579926558
66.73269498002543 142.98160407296962
67.40002192982568 139.93961646105316
68.07402214912395 136.9638847392335
68.75476237061518 134.0529328699
69.44230999432133 131.2053183980921
70.13673309426454 128.41963167269648
70.83810042520719 125.6944950858504
71.54648142945926 123.0285623307098
72.26194624375385 120.32142979314447
72.98456570619139 117.77228396996233
73.7144113632533 115.27842990984746
74.45155547688584 112.838640703257
75.1960710316547 110.45171725281072
75.94803174197125 108.02838106638976
76.70751205939096 105.74573918732956
77.47458717998488 103.51247860504783
78.24933305178473 101.24539692942396
79.03182638230258 99.10954354103856
79.82214464612561 97.01982167808538
80.62036609258686 94.89868606814952
81.42656975351274 92.8999600775201
82.24083545104787 90.87132152766864
83.06324380555836 88.95953126262488
83.89387624361395 87.01925773786242
84.73281500605009 85.19052838548154
85.5801431561106 83.3346766744365
86.4359445876717 81.58531011766243
87.30030403354841 79.81011702234612
88.1733070738839 78.07463372926877
89.05504014462275 76.43845755608633
89.94559054606898 74.77827300939195
90.84504645152967 73.15515958958775
91.75349691604497 71.62466812723893
92.67103188520542 70.07185800402425
93.59774220405748 68.55365973569592
94.53371962609806 67.06928116734134
95.47905682235904 65.61794873549307
96.43384739058263 64.19890702114661
97.39818586448845 62.81141831412684
98.37216772313334 61.549921444888284
99.35588940036467 60.218376798153066
100.34944829436832 58.962165632412315
101.352942777312 57.73207665838335
102.36647220508512 56.481681643603494
103.39013692713597 55.30290851988964
104.42403829640733 54.1039891849228
105.46827867937141 52.974384266479625
106.52296146616513 51.824797825472544
107.58819108082677 50.74230453564311
108.66407299163504 49.6399988073792
109.75071372155139 48.560834237871426
110.84822085876691 47.5043219765948
111.95670306735458 46.46998365245166
113.07627009802813 45.4573511451942
114.20703279900842 44.46596636213549
115.3491031269985 43.49538101994432
116.50259415826848 42.54515643081743
117.66762009985116 41.61486329379079
118.84429630084968 40.66574879163882
120.03273926385818 39.73643942132056
121.23306665649676 38.86429041011366
122.44539732306173 37.97307213656573
123.66985129629235 37.10043495221809
124.90654980925528 36.209020692781195
126.15561530734783 35.372639064395145
127.41717146042132 34.51709885197183
128.69134317502554 33.678989342737026
129.9782566067758 32.85794179873955
131.27803917284356 32.01722016776098
132.590819564572 31.19293159194562
133.91672776021773 30.348158840363503
135.2558950378199 29.518925949564455
136.6084539881981 28.70488941060728
137.9745385280801 27.831149855430194
139.35428391336092 26.932734550657784
140.74782675249452 26.007482367699865
142.15530502001945 25.01300150160899
143.57685807021966 23.942457667057514
145.01262665092185 22.70074103656095
146.46275291743106 21.076647448591768
147.92738044660538 18.721912485098173
149.40665425107144 12.608013304493278
149.40665425107144 12.608013304493278
149.40665425107144 12.608013304493278
149.40665425107144 12.608013304493278
149.40665425107144 12.608013304493278
